Error Ex03, P = 1
0.1175120146940314
0.0605875334032393
0.0307668040203022
0.0155035654393394
0.0077820618937652
0.0038986305395463
0.0019512188931299
0.0009760858180612
0.0004881620601098
0.0002441108250935
0.0001220628622216
0.0000610332936404

Error Ex03, P = 2
0.1175120146940314
0.0605875334032393
0.0307668040203020
0.0155035654393390
0.0077820618937652
0.0038986305395465
0.0019512188931301
0.0009760858180623
0.0004881620601120
0.0002441108250997
0.0001220628622132
0.0000610332936417

Error Ex03, P = 8
0.1175120146940314
0.0605875334032393
0.0307668040203020
0.0155035654393387
0.0077820618937645
0.0038986305395461
0.0019512188931303
0.0009760858180627
0.0004881620601134
0.0002441108251030
0.0001220628622216
0.0000610332936395
